v1	I(R1)
Step Information: Vg=-3.5  (Run: 1/6)
0.000000000000000e+000	4.089484e-012
1.000000000000000e-001	4.193951e-012
2.000000000000000e-001	4.298339e-012
3.000000000000000e-001	4.402589e-012
4.000000000000000e-001	4.506839e-012
5.000000000000000e-001	4.611089e-012
6.000000000000000e-001	4.715339e-012
7.000000000000000e-001	4.819367e-012
7.999999999999999e-001	4.923395e-012
8.999999999999999e-001	5.027423e-012
9.999999999999999e-001	5.131451e-012
1.100000000000000e+000	5.235368e-012
1.200000000000000e+000	5.339063e-012
1.300000000000000e+000	5.442979e-012
1.400000000000000e+000	5.546674e-012
1.500000000000000e+000	5.650369e-012
1.600000000000000e+000	5.754286e-012
1.700000000000000e+000	5.857981e-012
1.800000000000001e+000	5.961454e-012
1.900000000000001e+000	6.065148e-012
2.000000000000000e+000	6.168621e-012
2.100000000000001e+000	6.271872e-012
2.200000000000001e+000	6.375789e-012
2.300000000000001e+000	6.479262e-012
2.400000000000001e+000	6.582290e-012
2.500000000000001e+000	6.686207e-012
2.600000000000001e+000	6.789236e-012
2.700000000000001e+000	6.892709e-012
2.800000000000001e+000	6.996181e-012
2.900000000000001e+000	7.098766e-012
3.000000000000001e+000	7.202239e-012
3.100000000000001e+000	7.305712e-012
3.200000000000002e+000	7.409184e-012
3.300000000000002e+000	7.511769e-012
3.400000000000002e+000	7.614798e-012
3.500000000000002e+000	7.717826e-012
3.600000000000002e+000	7.821299e-012
3.700000000000002e+000	7.924328e-012
3.800000000000002e+000	8.027357e-012
3.900000000000002e+000	8.130385e-012
4.000000000000002e+000	8.233414e-012
4.100000000000001e+000	8.336443e-012
4.200000000000001e+000	8.439471e-012
4.300000000000001e+000	8.542500e-012
4.400000000000000e+000	8.644641e-012
4.500000000000000e+000	8.747669e-012
4.600000000000000e+000	8.850698e-012
4.699999999999999e+000	8.952838e-012
4.799999999999999e+000	9.055867e-012
4.899999999999999e+000	9.159784e-012
5.000000000000000e+000	9.261925e-012
Step Information: Vg=-3.4  (Run: 2/6)
0.000000000000000e+000	3.984896e-012
1.000000000000000e-001	1.040227e-007
2.000000000000000e-001	1.040436e-007
3.000000000000000e-001	1.040645e-007
4.000000000000000e-001	1.040854e-007
5.000000000000000e-001	1.041063e-007
6.000000000000000e-001	1.041272e-007
7.000000000000000e-001	1.041481e-007
7.999999999999999e-001	1.041690e-007
8.999999999999999e-001	1.041900e-007
9.999999999999999e-001	1.042109e-007
1.100000000000000e+000	1.042318e-007
1.200000000000000e+000	1.042527e-007
1.300000000000000e+000	1.042736e-007
1.400000000000000e+000	1.042945e-007
1.500000000000000e+000	1.043154e-007
1.600000000000000e+000	1.043363e-007
1.700000000000000e+000	1.043572e-007
1.800000000000001e+000	1.043781e-007
1.900000000000001e+000	1.043990e-007
2.000000000000000e+000	1.044199e-007
2.100000000000001e+000	1.044408e-007
2.200000000000001e+000	1.044617e-007
2.300000000000001e+000	1.044826e-007
2.400000000000001e+000	1.045035e-007
2.500000000000001e+000	1.045244e-007
2.600000000000001e+000	1.045453e-007
2.700000000000001e+000	1.045662e-007
2.800000000000001e+000	1.045871e-007
2.900000000000001e+000	1.046080e-007
3.000000000000001e+000	1.046289e-007
3.100000000000001e+000	1.046498e-007
3.200000000000002e+000	1.046707e-007
3.300000000000002e+000	1.046916e-007
3.400000000000002e+000	1.047125e-007
3.500000000000002e+000	1.047334e-007
3.600000000000002e+000	1.047543e-007
3.700000000000002e+000	1.047752e-007
3.800000000000002e+000	1.047961e-007
3.900000000000002e+000	1.048170e-007
4.000000000000002e+000	1.048379e-007
4.100000000000001e+000	1.048588e-007
4.200000000000001e+000	1.048797e-007
4.300000000000001e+000	1.049006e-007
4.400000000000000e+000	1.049215e-007
4.500000000000000e+000	1.049424e-007
4.600000000000000e+000	1.049633e-007
4.699999999999999e+000	1.049842e-007
4.799999999999999e+000	1.050051e-007
4.899999999999999e+000	1.050260e-007
5.000000000000000e+000	1.050470e-007
Step Information: Vg=-3.3  (Run: 3/6)
0.000000000000000e+000	3.879521e-012
1.000000000000000e-001	1.247912e-005
2.000000000000000e-001	1.258616e-005
3.000000000000000e-001	1.258867e-005
4.000000000000000e-001	1.259119e-005
5.000000000000000e-001	1.259370e-005
6.000000000000000e-001	1.259622e-005
7.000000000000000e-001	1.259873e-005
7.999999999999999e-001	1.260125e-005
8.999999999999999e-001	1.260377e-005
9.999999999999999e-001	1.260628e-005
1.100000000000000e+000	1.260880e-005
1.200000000000000e+000	1.261131e-005
1.300000000000000e+000	1.261383e-005
1.400000000000000e+000	1.261634e-005
1.500000000000000e+000	1.261886e-005
1.600000000000000e+000	1.262138e-005
1.700000000000000e+000	1.262389e-005
1.800000000000001e+000	1.262641e-005
1.900000000000001e+000	1.262892e-005
2.000000000000000e+000	1.263144e-005
2.100000000000001e+000	1.263396e-005
2.200000000000001e+000	1.263647e-005
2.300000000000001e+000	1.263899e-005
2.400000000000001e+000	1.264150e-005
2.500000000000001e+000	1.264402e-005
2.600000000000001e+000	1.264653e-005
2.700000000000001e+000	1.264905e-005
2.800000000000001e+000	1.265157e-005
2.900000000000001e+000	1.265408e-005
3.000000000000001e+000	1.265660e-005
3.100000000000001e+000	1.265911e-005
3.200000000000002e+000	1.266163e-005
3.300000000000002e+000	1.266414e-005
3.400000000000002e+000	1.266666e-005
3.500000000000002e+000	1.266918e-005
3.600000000000002e+000	1.267169e-005
3.700000000000002e+000	1.267421e-005
3.800000000000002e+000	1.267672e-005
3.900000000000002e+000	1.267924e-005
4.000000000000002e+000	1.268175e-005
4.100000000000001e+000	1.268427e-005
4.200000000000001e+000	1.268679e-005
4.300000000000001e+000	1.268930e-005
4.400000000000000e+000	1.269182e-005
4.500000000000000e+000	1.269433e-005
4.600000000000000e+000	1.269685e-005
4.699999999999999e+000	1.269936e-005
4.799999999999999e+000	1.270188e-005
4.899999999999999e+000	1.270440e-005
5.000000000000000e+000	1.270691e-005
Step Information: Vg=-3.2  (Run: 4/6)
0.000000000000000e+000	3.774121e-012
1.000000000000000e-001	3.325690e-005
2.000000000000000e-001	4.575639e-005
3.000000000000000e-001	4.587146e-005
4.000000000000000e-001	4.588063e-005
5.000000000000000e-001	4.588979e-005
6.000000000000000e-001	4.589896e-005
7.000000000000000e-001	4.590812e-005
7.999999999999999e-001	4.591729e-005
8.999999999999999e-001	4.592645e-005
9.999999999999999e-001	4.593562e-005
1.100000000000000e+000	4.594478e-005
1.200000000000000e+000	4.595395e-005
1.300000000000000e+000	4.596311e-005
1.400000000000000e+000	4.597228e-005
1.500000000000000e+000	4.598144e-005
1.600000000000000e+000	4.599061e-005
1.700000000000000e+000	4.599977e-005
1.800000000000001e+000	4.600894e-005
1.900000000000001e+000	4.601810e-005
2.000000000000000e+000	4.602727e-005
2.100000000000001e+000	4.603643e-005
2.200000000000001e+000	4.604560e-005
2.300000000000001e+000	4.605476e-005
2.400000000000001e+000	4.606392e-005
2.500000000000001e+000	4.607309e-005
2.600000000000001e+000	4.608226e-005
2.700000000000001e+000	4.609142e-005
2.800000000000001e+000	4.610058e-005
2.900000000000001e+000	4.610975e-005
3.000000000000001e+000	4.611892e-005
3.100000000000001e+000	4.612808e-005
3.200000000000002e+000	4.613724e-005
3.300000000000002e+000	4.614641e-005
3.400000000000002e+000	4.615558e-005
3.500000000000002e+000	4.616474e-005
3.600000000000002e+000	4.617390e-005
3.700000000000002e+000	4.618307e-005
3.800000000000002e+000	4.619223e-005
3.900000000000002e+000	4.620140e-005
4.000000000000002e+000	4.621056e-005
4.100000000000001e+000	4.621973e-005
4.200000000000001e+000	4.622889e-005
4.300000000000001e+000	4.623806e-005
4.400000000000000e+000	4.624722e-005
4.500000000000000e+000	4.625639e-005
4.600000000000000e+000	4.626555e-005
4.699999999999999e+000	4.627472e-005
4.799999999999999e+000	4.628388e-005
4.899999999999999e+000	4.629305e-005
5.000000000000000e+000	4.630221e-005
Step Information: Vg=-3.1  (Run: 5/6)
0.000000000000000e+000	3.668696e-012
1.000000000000000e-001	5.400877e-005
2.000000000000000e-001	8.729861e-005
3.000000000000000e-001	9.983125e-005
4.000000000000000e-001	9.995940e-005
5.000000000000000e-001	9.997937e-005
6.000000000000000e-001	9.999933e-005
7.000000000000000e-001	1.000193e-004
7.999999999999999e-001	1.000393e-004
8.999999999999999e-001	1.000592e-004
9.999999999999999e-001	1.000792e-004
1.100000000000000e+000	1.000991e-004
1.200000000000000e+000	1.001191e-004
1.300000000000000e+000	1.001391e-004
1.400000000000000e+000	1.001590e-004
1.500000000000000e+000	1.001790e-004
1.600000000000000e+000	1.001990e-004
1.700000000000000e+000	1.002189e-004
1.800000000000001e+000	1.002389e-004
1.900000000000001e+000	1.002589e-004
2.000000000000000e+000	1.002788e-004
2.100000000000001e+000	1.002988e-004
2.200000000000001e+000	1.003187e-004
2.300000000000001e+000	1.003387e-004
2.400000000000001e+000	1.003587e-004
2.500000000000001e+000	1.003786e-004
2.600000000000001e+000	1.003986e-004
2.700000000000001e+000	1.004186e-004
2.800000000000001e+000	1.004385e-004
2.900000000000001e+000	1.004585e-004
3.000000000000001e+000	1.004784e-004
3.100000000000001e+000	1.004984e-004
3.200000000000002e+000	1.005184e-004
3.300000000000002e+000	1.005383e-004
3.400000000000002e+000	1.005583e-004
3.500000000000002e+000	1.005783e-004
3.600000000000002e+000	1.005982e-004
3.700000000000002e+000	1.006182e-004
3.800000000000002e+000	1.006381e-004
3.900000000000002e+000	1.006581e-004
4.000000000000002e+000	1.006781e-004
4.100000000000001e+000	1.006980e-004
4.200000000000001e+000	1.007180e-004
4.300000000000001e+000	1.007380e-004
4.400000000000000e+000	1.007579e-004
4.500000000000000e+000	1.007779e-004
4.600000000000000e+000	1.007978e-004
4.699999999999999e+000	1.008178e-004
4.799999999999999e+000	1.008378e-004
4.899999999999999e+000	1.008577e-004
5.000000000000000e+000	1.008777e-004
Step Information: Vg=-3  (Run: 6/6)
0.000000000000000e+000	3.563240e-012
1.000000000000000e-001	7.473479e-005
2.000000000000000e-001	1.287890e-004
3.000000000000000e-001	1.621245e-004
4.000000000000000e-001	1.747031e-004
5.000000000000000e-001	1.748494e-004
6.000000000000000e-001	1.748843e-004
7.000000000000000e-001	1.749192e-004
7.999999999999999e-001	1.749541e-004
8.999999999999999e-001	1.749890e-004
9.999999999999999e-001	1.750239e-004
1.100000000000000e+000	1.750588e-004
1.200000000000000e+000	1.750938e-004
1.300000000000000e+000	1.751287e-004
1.400000000000000e+000	1.751636e-004
1.500000000000000e+000	1.751985e-004
1.600000000000000e+000	1.752334e-004
1.700000000000000e+000	1.752683e-004
1.800000000000001e+000	1.753032e-004
1.900000000000001e+000	1.753381e-004
2.000000000000000e+000	1.753730e-004
2.100000000000001e+000	1.754079e-004
2.200000000000001e+000	1.754428e-004
2.300000000000001e+000	1.754777e-004
2.400000000000001e+000	1.755126e-004
2.500000000000001e+000	1.755475e-004
2.600000000000001e+000	1.755824e-004
2.700000000000001e+000	1.756173e-004
2.800000000000001e+000	1.756522e-004
2.900000000000001e+000	1.756871e-004
3.000000000000001e+000	1.757220e-004
3.100000000000001e+000	1.757570e-004
3.200000000000002e+000	1.757919e-004
3.300000000000002e+000	1.758268e-004
3.400000000000002e+000	1.758617e-004
3.500000000000002e+000	1.758966e-004
3.600000000000002e+000	1.759315e-004
3.700000000000002e+000	1.759664e-004
3.800000000000002e+000	1.760013e-004
3.900000000000002e+000	1.760362e-004
4.000000000000002e+000	1.760711e-004
4.100000000000001e+000	1.761060e-004
4.200000000000001e+000	1.761409e-004
4.300000000000001e+000	1.761758e-004
4.400000000000000e+000	1.762107e-004
4.500000000000000e+000	1.762456e-004
4.600000000000000e+000	1.762805e-004
4.699999999999999e+000	1.763154e-004
4.799999999999999e+000	1.763503e-004
4.899999999999999e+000	1.763852e-004
5.000000000000000e+000	1.764201e-004
